0 0.865625 0.77265625 0.034375 0.1359375
0 0.83515625 0.45 0.0359375 0.15
0 0.6890625 0.78125 0.034375 0.1453125
0 0.48203125 0.6234375 0.03125 0.1375
0 0.6734375 0.61953125 0.0640625 0.1390625
0 0.42578125 0.3609375 0.03125 0.0765625
0 0.9890625 0.7671875 0.021875 0.134375
0 0.065625 0.60234375 0.0984375 0.109375
0 0.0546875 0.28046875 0.0375 0.090625
0 0.2125 0.07890625 0.03125 0.075
0 0.07890625 0.06796875 0.1578125 0.109375
0 0.4546875 0.0609375 0.0296875 0.1109375
0 0.07421875 0.840625 0.0375 0.1
0 0.28046875 0.06484375 0.0640625 0.096875
0 0.28984375 0.7828125 0.03125 0.134375
0 0.5140625 0.078125 0.028125 0.0828125