0 0.33984375 0.90546875 0.046875 0.128125
0 0.9828125 0.8484375 0.034375 0.075
0 0.8796875 0.14140625 0.0421875 0.06875
0 0.94453125 0.784375 0.0578125 0.1859375
0 0.9 0.80703125 0.05 0.1421875
0 0.2203125 0.7078125 0.0546875 0.115625
0 0.20859375 0.8859375 0.0578125 0.153125
0 0.0765625 0.49765625 0.0578125 0.13125
0 0.21015625 0.49609375 0.0609375 0.1328125
0 0.975 0.96171875 0.05 0.0765625
0 0.484375 0.88515625 0.0859375 0.1703125
0 0.8015625 0.1375 0.109375 0.084375
0 0.9734375 0.9640625 0.053125 0.071875
0 0.07578125 0.32734375 0.078125 0.09375